Variable1,Variable2,Variable3,Variable4,Variable5,VariableTarget
240.00,463.77,34,0.83,91972.11,b2_OK
239.95,861.48,3,1.00,206258.25,b2_OK
239.95,621.05,69,0.34,51339.75,b2_REVISAR
239.91,912.99,28,0.88,192892.90,b2_OK
239.85,251.98,18,0.95,57147.91,b2_OK
239.82,926.34,12,0.98,216674.99,b2_OK
239.78,252.76,31,0.86,51871.95,b2_OK
239.73,533.55,13,0.97,124129.40,b2_OK
239.68,545.46,46,0.69,89997.58,b2_REVISAR
239.48,702.91,111,-0.37,-61704.46,b2_REVISAR
239.47,337.51,124,-0.57,-46208.55,b2_REVISAR
239.42,707.40,12,0.98,165379.93,b2_OK
239.27,532.68,72,0.30,38075.49,b2_REVISAR
239.22,667.82,29,0.87,139056.42,b2_OK
239.21,427.91,99,-0.17,-16961.13,b2_REVISAR
239.02,573.56,103,-0.23,-31479.51,b2_REVISAR
239.01,677.11,16,0.96,155284.22,b2_OK
238.95,414.44,71,0.31,31015.88,b2_REVISAR
238.90,545.38,47,0.68,88054.26,b2_REVISAR
238.85,976.38,98,-0.14,-33722.02,b2_REVISAR
238.76,496.44,51,0.63,74462.73,b2_REVISAR
238.69,290.79,20,0.94,65039.02,b2_OK
238.69,841.84,9,0.99,198172.79,b2_OK
238.67,946.35,61,0.48,107868.93,b2_REVISAR
238.57,549.57,91,-0.02,-2903.60,b2_REVISAR
238.52,898.83,35,0.82,174950.43,b2_REVISAR
238.51,501.86,67,0.39,46578.27,b2_REVISAR
238.49,740.58,49,0.65,115686.10,b2_REVISAR
238.46,682.88,8,0.99,160904.93,b2_OK
238.44,915.97,9,0.99,215236.22,b2_OK
238.41,473.82,10,0.98,111128.60,b2_OK
238.39,610.72,84,0.10,15245.02,b2_REVISAR
238.32,731.14,10,0.98,171533.21,b2_OK
238.27,468.28,117,-0.46,-51193.18,b2_REVISAR
238.20,478.78,28,0.88,99899.05,b2_OK
238.17,564.61,112,-0.38,-51648.41,b2_REVISAR
238.16,254.97,28,0.88,53277.61,b2_OK
238.13,573.27,86,0.05,7301.00,b2_REVISAR
238.00,312.90,28,0.88,65182.22,b2_OK
237.83,677.07,25,0.90,145458.44,b2_OK
237.82,495.62,93,-0.06,-7573.01,b2_REVISAR
237.74,962.49,110,-0.34,-78385.83,b2_REVISAR
237.72,802.20,68,0.36,68670.86,b2_REVISAR
237.66,828.68,8,0.99,194597.33,b2_OK
237.61,545.68,13,0.97,126130.62,b2_OK
237.60,548.40,14,0.97,126372.76,b2_OK
237.60,818.55,109,-0.34,-65810.28,b2_REVISAR
237.53,516.56,61,0.48,59273.08,b2_REVISAR
237.40,859.76,37,0.79,161961.92,b2_REVISAR
237.34,908.44,32,0.84,182066.04,b2_OK
237.32,835.29,28,0.88,173931.26,b2_OK
237.17,286.64,47,0.68,46166.13,b2_REVISAR
237.14,833.86,12,0.98,193226.19,b2_OK
237.13,314.55,6,0.99,74154.32,b2_OK
236.86,352.60,6,0.99,83008.93,b2_OK
236.83,697.94,27,0.88,146092.94,b2_OK
236.79,983.51,25,0.90,210585.33,b2_OK
236.75,689.67,2,1.00,163109.96,b2_OK
236.70,672.40,25,0.90,143543.86,b2_OK
236.67,404.40,110,-0.34,-32789.18,b2_REVISAR
236.66,642.75,11,0.98,148963.71,b2_OK
236.61,345.08,23,0.92,74936.20,b2_OK
236.40,634.11,44,0.71,106367.39,b2_REVISAR
236.37,300.55,31,0.86,60820.26,b2_OK
236.35,529.08,16,0.96,119848.38,b2_OK
236.32,738.64,71,0.31,54701.25,b2_REVISAR
236.30,653.31,22,0.93,142928.51,b2_OK
236.20,267.39,42,0.74,46615.74,b2_REVISAR
236.17,408.03,6,0.99,95730.28,b2_OK
235.86,276.72,10,0.98,64208.96,b2_OK
235.84,803.00,15,0.97,182804.92,b2_OK
235.83,859.09,85,0.08,17064.03,b2_REVISAR
235.71,511.89,96,-0.12,-14503.70,b2_REVISAR
235.71,505.61,39,0.77,92275.82,b2_REVISAR
235.65,355.83,130,-0.65,-54086.78,b2_REVISAR
235.64,288.10,5,1.00,67576.04,b2_OK
235.61,770.95,116,-0.44,-80784.05,b2_REVISAR
235.61,581.64,62,0.47,64012.89,b2_REVISAR
235.54,410.68,112,-0.38,-36801.70,b2_REVISAR
235.41,667.53,5,1.00,156424.92,b2_OK
235.36,490.12,122,-0.54,-62633.23,b2_REVISAR
235.23,831.80,47,0.67,131924.44,b2_REVISAR
235.21,243.30,26,0.89,51080.25,b2_OK
235.18,525.60,13,0.97,120418.18,b2_OK
235.06,842.64,79,0.19,36646.96,b2_REVISAR
234.86,270.35,4,1.00,63269.26,b2_OK
234.83,800.47,31,0.85,159490.51,b2_OK
234.82,879.74,33,0.83,171603.91,b2_OK
234.80,644.02,8,0.99,149445.56,b2_OK
234.76,505.88,30,0.86,102566.56,b2_OK
234.69,549.86,106,-0.28,-36117.96,b2_REVISAR
234.58,806.32,17,0.95,179979.43,b2_OK
234.49,566.33,7,0.99,131779.31,b2_OK
234.45,396.26,9,0.99,91651.07,b2_OK
234.41,814.44,14,0.97,184680.31,b2_OK
234.34,709.64,73,0.28,46612.82,b2_REVISAR
234.06,708.70,72,0.31,51041.50,b2_REVISAR
234.02,694.13,38,0.78,126804.00,b2_REVISAR
233.97,281.59,9,0.99,65060.54,b2_OK
233.94,414.76,21,0.93,90157.88,b2_OK
233.89,942.31,128,-0.62,-135841.58,b2_REVISAR
233.75,532.75,61,0.48,59499.24,b2_REVISAR
233.69,703.71,11,0.98,160911.32,b2_OK
233.61,983.52,17,0.95,219280.08,b2_OK
233.58,456.03,33,0.83,88866.97,b2_OK
233.53,538.23,32,0.84,105926.77,b2_OK
233.28,679.49,118,-0.48,-75714.65,b2_REVISAR
232.99,425.29,17,0.96,94644.03,b2_OK
232.88,626.08,117,-0.46,-66427.17,b2_REVISAR
232.77,329.67,118,-0.48,-36585.19,b2_REVISAR
232.75,456.24,34,0.83,87655.28,b2_OK
232.69,712.10,4,1.00,165272.47,b2_OK
232.68,390.42,25,0.90,82041.39,b2_OK
232.67,563.71,76,0.23,29955.65,b2_REVISAR
232.61,969.78,39,0.77,173765.99,b2_REVISAR
232.55,923.59,7,0.99,212804.53,b2_OK
232.54,300.04,24,0.91,63734.34,b2_OK
232.31,868.40,9,0.99,198766.82,b2_OK
232.30,975.93,35,0.82,185264.28,b2_REVISAR
232.29,612.94,94,-0.07,-10100.98,b2_REVISAR
232.21,930.62,13,0.97,210007.44,b2_OK
232.11,548.40,13,0.97,123596.78,b2_OK
232.09,398.72,32,0.85,78241.38,b2_OK
232.09,628.45,100,-0.18,-25964.39,b2_REVISAR
232.08,431.25,26,0.89,89457.90,b2_OK
231.97,608.01,33,0.83,117484.69,b2_OK
231.73,799.76,73,0.28,51914.59,b2_REVISAR
231.67,574.79,119,-0.48,-64440.30,b2_REVISAR
231.63,480.84,76,0.24,26558.07,b2_REVISAR
231.62,480.14,29,0.87,96404.53,b2_OK
231.60,337.18,47,0.68,52794.36,b2_REVISAR
231.59,700.91,11,0.98,158917.83,b2_OK
231.49,558.58,124,-0.57,-73595.70,b2_REVISAR
231.48,532.73,7,0.99,122271.47,b2_OK
231.37,400.25,27,0.89,82485.87,b2_OK
231.35,455.71,97,-0.13,-13770.14,b2_REVISAR
231.31,258.53,47,0.67,40236.16,b2_REVISAR
231.19,738.31,20,0.94,160095.78,b2_OK
231.14,953.99,28,0.88,194255.00,b2_OK
230.89,432.65,6,0.99,99233.88,b2_OK
230.69,982.22,46,0.69,157282.24,b2_REVISAR
230.61,446.96,132,-0.67,-69476.13,b2_REVISAR
230.52,944.47,16,0.96,208868.65,b2_OK
230.51,492.06,23,0.92,104353.05,b2_OK
230.50,719.26,3,1.00,165524.68,b2_OK
230.43,930.55,12,0.98,209580.01,b2_OK
230.35,945.55,31,0.85,184955.27,b2_OK
230.31,466.57,10,0.98,105748.47,b2_OK
230.27,359.88,18,0.95,78594.33,b2_OK
230.25,754.15,16,0.96,166163.69,b2_OK
230.20,592.20,46,0.69,94434.11,b2_REVISAR
230.16,729.00,2,1.00,167635.66,b2_OK
230.11,361.06,93,-0.06,-4674.24,b2_REVISAR
230.07,356.30,34,0.82,67371.04,b2_OK
230.01,845.03,67,0.38,74617.29,b2_REVISAR
229.97,463.42,114,-0.41,-44208.12,b2_REVISAR
229.95,484.66,6,0.99,110726.41,b2_OK
229.89,355.09,28,0.88,71600.76,b2_OK
229.89,814.63,57,0.54,101144.02,b2_REVISAR
229.81,422.78,128,-0.62,-60541.72,b2_REVISAR
229.78,452.01,116,-0.44,-45762.94,b2_REVISAR
229.77,321.88,19,0.95,69906.56,b2_OK
229.77,300.03,67,0.38,26232.95,b2_REVISAR
229.64,783.06,5,1.00,179006.46,b2_OK
229.64,974.19,127,-0.61,-135713.53,b2_REVISAR
229.56,891.41,104,-0.25,-51050.97,b2_REVISAR
229.41,350.63,14,0.97,77839.12,b2_OK
229.36,381.01,37,0.79,69294.61,b2_REVISAR
229.29,798.54,31,0.85,155319.52,b2_OK
228.97,707.70,24,0.91,147913.95,b2_OK
228.84,393.66,116,-0.44,-39890.10,b2_REVISAR
228.81,913.98,74,0.26,55036.41,b2_REVISAR
228.78,595.82,4,1.00,135905.13,b2_OK
228.77,243.61,19,0.94,52436.26,b2_OK
228.65,827.79,7,0.99,187525.60,b2_OK
228.49,833.04,9,0.99,187774.23,b2_OK
228.42,832.91,30,0.86,163493.79,b2_OK
228.32,486.41,34,0.83,91936.35,b2_OK
228.28,391.71,65,0.41,36563.57,b2_REVISAR
228.15,809.31,9,0.99,182174.76,b2_OK
228.13,808.68,130,-0.64,-118983.44,b2_REVISAR
228.13,457.89,38,0.79,82183.18,b2_REVISAR
228.03,436.61,36,0.81,80147.24,b2_REVISAR
227.84,589.84,122,-0.54,-71986.00,b2_REVISAR
227.76,770.04,14,0.97,169667.81,b2_OK
227.74,363.73,2,1.00,82748.82,b2_OK
227.73,608.10,110,-0.35,-49102.25,b2_REVISAR
227.58,628.23,109,-0.33,-47054.16,b2_REVISAR
227.53,693.92,107,-0.30,-47005.85,b2_REVISAR
227.50,383.97,94,-0.08,-6920.88,b2_REVISAR
227.41,468.42,24,0.91,97153.85,b2_OK
227.40,626.06,43,0.72,102690.87,b2_REVISAR
227.35,745.42,30,0.86,145757.59,b2_OK
227.31,534.12,22,0.92,112215.79,b2_OK
227.18,792.22,2,1.00,179732.01,b2_OK
227.11,911.96,60,0.49,101236.34,b2_REVISAR
227.07,973.84,38,0.78,172414.25,b2_REVISAR
227.02,291.11,32,0.84,55693.90,b2_OK
227.01,332.45,12,0.98,73724.13,b2_OK
227.00,709.81,8,0.99,159359.45,b2_OK
226.93,690.46,9,0.99,154544.49,b2_OK
226.93,672.25,29,0.87,132631.02,b2_OK
226.91,302.98,57,0.53,36568.76,b2_REVISAR
226.74,388.11,12,0.98,85834.97,b2_OK
226.52,351.96,113,-0.39,-31206.48,b2_REVISAR
226.50,693.03,95,-0.09,-13748.34,b2_REVISAR
226.40,311.75,29,0.87,61657.75,b2_OK
226.36,428.46,27,0.89,85981.38,b2_OK
226.21,698.34,93,-0.07,-10297.68,b2_REVISAR
226.16,946.86,20,0.94,200420.45,b2_OK
226.16,794.26,126,-0.59,-105614.30,b2_REVISAR
226.15,590.42,6,0.99,132572.95,b2_OK
226.08,747.22,128,-0.63,-105915.71,b2_REVISAR
225.93,375.83,16,0.96,81369.11,b2_OK
225.87,418.59,61,0.48,45092.01,b2_REVISAR
225.76,633.76,15,0.96,137792.86,b2_OK
225.63,409.51,95,-0.09,-8470.50,b2_REVISAR
225.37,900.81,26,0.89,181484.31,b2_OK
225.30,366.08,25,0.90,74279.37,b2_OK
225.21,694.94,112,-0.38,-59200.95,b2_REVISAR
225.16,653.62,9,0.99,145184.23,b2_OK
225.09,578.93,48,0.66,86171.72,b2_REVISAR
225.07,856.79,106,-0.28,-54409.70,b2_REVISAR
224.97,721.00,14,0.97,157041.51,b2_OK
224.97,406.13,15,0.96,88128.77,b2_OK
224.92,527.52,5,1.00,118073.64,b2_OK
224.79,969.20,110,-0.35,-75931.33,b2_REVISAR
224.79,370.18,111,-0.36,-29865.90,b2_REVISAR
224.75,439.70,72,0.30,29162.22,b2_REVISAR
224.73,300.00,34,0.83,55879.31,b2_OK
224.65,789.91,14,0.97,171875.11,b2_OK
224.54,382.25,133,-0.69,-59066.58,b2_REVISAR
224.54,558.08,87,0.05,5841.71,b2_REVISAR
224.45,880.09,40,0.76,150816.69,b2_REVISAR
224.43,784.02,67,0.38,66939.60,b2_REVISAR
224.41,784.88,19,0.94,166160.14,b2_OK
224.31,527.35,131,-0.66,-77839.35,b2_REVISAR
224.18,270.51,7,0.99,60139.18,b2_OK
224.18,675.98,65,0.42,64040.84,b2_REVISAR
224.15,249.58,30,0.86,48324.74,b2_OK
224.12,990.35,105,-0.27,-58981.48,b2_REVISAR
224.09,438.60,58,0.52,51548.23,b2_REVISAR
224.05,937.29,26,0.89,187492.48,b2_OK
223.92,378.41,51,0.63,53125.51,b2_REVISAR
223.85,748.60,112,-0.39,-64617.05,b2_REVISAR
223.85,878.60,55,0.56,110347.62,b2_REVISAR
223.78,881.33,115,-0.43,-84502.31,b2_REVISAR
223.75,456.11,30,0.87,88296.95,b2_OK
223.74,962.73,128,-0.62,-134623.08,b2_REVISAR
223.64,241.81,101,-0.20,-11064.97,b2_REVISAR
223.62,342.88,125,-0.58,-44775.87,b2_REVISAR
223.60,587.34,32,0.85,111388.43,b2_OK
223.57,385.08,49,0.66,56479.73,b2_REVISAR
223.48,740.68,54,0.58,96203.95,b2_REVISAR
223.44,342.72,98,-0.15,-11661.70,b2_REVISAR
223.36,526.84,69,0.35,41252.64,b2_REVISAR
223.35,532.31,85,0.08,9939.77,b2_REVISAR
223.32,606.06,99,-0.17,-22638.62,b2_REVISAR
223.21,858.93,40,0.76,145496.81,b2_REVISAR
223.20,944.47,83,0.11,23552.18,b2_REVISAR
223.14,725.93,59,0.50,81263.04,b2_REVISAR
223.11,754.79,31,0.86,144217.62,b2_OK
223.08,357.65,121,-0.52,-41392.52,b2_REVISAR
223.00,490.16,117,-0.46,-50397.44,b2_REVISAR
222.99,372.34,25,0.90,74858.51,b2_OK
222.96,951.41,70,0.33,70645.21,b2_REVISAR
222.96,290.87,77,0.22,14575.68,b2_REVISAR
222.96,466.54,99,-0.16,-17110.05,b2_REVISAR
222.90,658.99,59,0.51,74687.12,b2_REVISAR
222.80,731.53,4,1.00,162429.13,b2_OK
222.79,417.44,105,-0.27,-25341.64,b2_REVISAR
222.76,954.07,21,0.93,197474.69,b2_OK
222.71,825.49,13,0.97,178838.72,b2_OK
222.61,939.03,15,0.96,201577.84,b2_OK
222.44,440.35,7,0.99,97054.74,b2_OK
222.39,616.01,123,-0.55,-75651.91,b2_REVISAR
222.30,624.11,8,0.99,137192.04,b2_OK
222.28,561.33,30,0.86,107887.63,b2_OK
222.24,701.04,81,0.14,22198.49,b2_REVISAR
222.23,781.72,79,0.19,33186.51,b2_REVISAR
222.16,721.17,8,0.99,158503.41,b2_OK
222.12,690.68,19,0.94,144831.35,b2_OK
222.07,329.83,5,0.99,72857.33,b2_OK
222.03,304.43,26,0.90,60624.88,b2_OK
221.80,503.07,86,0.06,7012.39,b2_REVISAR
221.77,513.15,44,0.71,81024.16,b2_REVISAR
221.77,453.85,117,-0.46,-46783.31,b2_REVISAR
221.75,761.64,8,0.99,166904.97,b2_OK
221.47,650.42,18,0.95,136509.21,b2_OK
221.33,461.31,130,-0.64,-65787.63,b2_REVISAR
221.32,444.05,44,0.71,70004.06,b2_REVISAR
221.30,396.84,63,0.45,39137.71,b2_REVISAR
221.28,426.72,109,-0.34,-32098.32,b2_REVISAR
221.22,867.39,21,0.93,178940.63,b2_OK
221.10,962.62,21,0.93,197760.62,b2_OK
221.01,648.63,83,0.12,17304.35,b2_REVISAR
221.01,807.49,51,0.62,110591.34,b2_REVISAR
221.00,874.34,25,0.90,174608.96,b2_OK
220.94,546.93,122,-0.54,-65687.92,b2_REVISAR
220.89,300.74,127,-0.60,-39979.81,b2_REVISAR
220.85,922.59,32,0.84,171114.99,b2_OK
220.85,527.24,49,0.64,75085.13,b2_REVISAR
220.84,766.60,63,0.45,76280.85,b2_REVISAR
220.79,563.09,8,0.99,123028.93,b2_OK
220.74,802.62,5,1.00,176438.18,b2_OK
220.72,780.77,6,0.99,171275.55,b2_OK
220.62,867.80,26,0.89,171033.86,b2_OK
220.59,388.35,7,0.99,84946.64,b2_OK
220.54,940.98,24,0.91,188808.68,b2_OK
220.53,495.63,10,0.98,107493.47,b2_OK
220.50,379.55,18,0.95,79267.19,b2_OK
220.49,336.59,98,-0.14,-10429.62,b2_REVISAR
220.43,442.23,37,0.79,77292.82,b2_REVISAR
220.18,618.68,5,1.00,135623.57,b2_OK
220.15,299.09,36,0.81,53184.70,b2_REVISAR
220.04,647.35,3,1.00,142105.03,b2_OK
219.98,708.75,122,-0.54,-83871.16,b2_REVISAR
219.86,569.71,93,-0.06,-7271.04,b2_REVISAR
219.85,868.02,28,0.88,167333.56,b2_OK
219.79,706.10,95,-0.09,-14402.81,b2_REVISAR
219.76,739.91,2,1.00,162448.88,b2_OK
219.73,879.50,33,0.84,161377.21,b2_OK
219.73,963.61,21,0.93,197536.53,b2_OK
219.56,335.03,7,0.99,72957.68,b2_OK
219.50,716.03,56,0.55,86731.33,b2_REVISAR
219.46,311.82,37,0.80,54585.61,b2_REVISAR
219.31,791.64,108,-0.31,-54361.87,b2_REVISAR
219.24,872.51,41,0.75,143671.95,b2_REVISAR
219.23,643.84,5,1.00,140606.99,b2_OK
219.11,858.55,72,0.31,57882.16,b2_REVISAR
219.10,966.50,119,-0.49,-103187.00,b2_REVISAR
219.07,505.85,103,-0.23,-26030.34,b2_REVISAR
218.97,274.93,120,-0.51,-30892.21,b2_REVISAR
218.95,710.68,35,0.82,126994.43,b2_REVISAR
218.87,724.94,15,0.97,153150.08,b2_OK
218.84,988.51,113,-0.39,-85083.94,b2_REVISAR
218.80,540.44,69,0.34,40698.65,b2_REVISAR
218.62,898.37,10,0.98,193197.04,b2_OK
218.62,660.10,90,-0.01,-1143.87,b2_REVISAR
218.58,502.84,38,0.79,86388.88,b2_REVISAR
218.55,730.44,7,0.99,158228.22,b2_OK
218.48,368.33,12,0.97,78428.97,b2_OK
218.46,456.99,86,0.05,5312.53,b2_REVISAR
218.38,964.20,85,0.08,17157.00,b2_REVISAR
218.35,755.40,84,0.10,16811.55,b2_REVISAR
218.35,922.05,133,-0.68,-137907.93,b2_REVISAR
218.23,711.87,33,0.83,129637.35,b2_OK
218.19,796.39,28,0.88,153302.66,b2_OK
218.18,966.98,9,0.99,207872.16,b2_OK
218.16,372.16,127,-0.61,-49483.98,b2_REVISAR
218.14,904.16,50,0.63,124840.92,b2_REVISAR
218.04,503.46,46,0.68,74994.79,b2_REVISAR
218.00,866.56,25,0.90,170933.83,b2_OK
217.95,722.95,23,0.91,144121.83,b2_OK
217.91,381.88,85,0.09,7115.29,b2_REVISAR
217.73,387.25,117,-0.46,-38689.40,b2_REVISAR
217.69,816.16,16,0.96,170242.10,b2_OK
217.65,372.10,4,1.00,80725.21,b2_OK
217.63,674.78,20,0.94,137359.27,b2_OK
217.62,726.36,10,0.98,155314.62,b2_OK
217.56,698.33,19,0.94,143441.06,b2_OK
217.54,666.21,74,0.27,39055.52,b2_REVISAR
217.51,737.21,30,0.86,137959.02,b2_OK
217.48,369.00,123,-0.54,-43640.30,b2_REVISAR
217.43,689.04,9,0.99,147633.21,b2_OK
217.42,544.03,26,0.90,105902.81,b2_OK
217.34,906.59,21,0.93,183644.97,b2_OK
217.28,787.28,43,0.73,124193.65,b2_REVISAR
217.27,768.48,73,0.29,47944.01,b2_REVISAR
217.25,246.85,35,0.81,43605.42,b2_REVISAR
217.18,450.87,88,0.03,2721.16,b2_REVISAR
217.11,856.84,76,0.24,44712.20,b2_REVISAR
217.00,969.37,27,0.89,186631.26,b2_OK
217.00,763.33,2,1.00,165422.08,b2_OK
216.93,258.34,37,0.80,44562.24,b2_REVISAR
216.90,247.21,41,0.75,39974.69,b2_REVISAR
216.81,991.65,7,0.99,213059.05,b2_OK
216.80,750.26,32,0.84,136942.55,b2_OK
216.73,583.24,3,1.00,126187.66,b2_OK
216.67,687.72,130,-0.64,-95902.19,b2_REVISAR
216.59,933.71,37,0.80,161050.98,b2_REVISAR
216.54,710.31,21,0.93,143466.68,b2_OK
216.44,732.50,132,-0.68,-107834.33,b2_REVISAR
216.44,392.48,128,-0.63,-53266.69,b2_REVISAR
216.33,774.40,3,1.00,167227.56,b2_OK
216.24,613.27,2,1.00,132517.19,b2_OK
216.22,570.96,10,0.98,121202.58,b2_OK
216.20,423.05,23,0.91,83662.16,b2_OK
216.18,746.47,2,1.00,161269.35,b2_OK
216.15,688.59,68,0.36,54301.63,b2_REVISAR
216.15,498.38,126,-0.60,-64430.99,b2_REVISAR
216.13,583.68,76,0.23,29481.64,b2_REVISAR
216.12,351.91,37,0.80,60683.62,b2_REVISAR
216.10,263.32,53,0.59,33688.93,b2_REVISAR
215.83,796.71,23,0.92,157613.01,b2_OK
215.77,674.94,76,0.23,33117.68,b2_REVISAR
215.69,370.29,127,-0.61,-48483.17,b2_REVISAR
215.54,934.52,114,-0.42,-84239.84,b2_REVISAR
139.87,428.12,93,-0.05,-3158.98,b1_REVISAR
139.76,398.95,31,0.85,47528.45,b1_OK
139.73,531.23,98,-0.16,-11542.37,b1_REVISAR
139.51,385.75,23,0.92,49491.80,b1_OK
139.50,324.37,27,0.89,40054.49,b1_OK
139.44,283.96,31,0.85,33649.49,b1_OK
138.96,781.57,132,-0.67,-73306.36,b1_REVISAR
138.82,291.17,30,0.86,34874.50,b1_OK
138.80,826.85,122,-0.54,-61641.71,b1_REVISAR
138.76,450.24,14,0.97,60575.91,b1_OK
138.63,374.23,105,-0.27,-13953.55,b1_REVISAR
138.62,589.60,107,-0.31,-24950.88,b1_REVISAR
138.54,785.61,80,0.16,17762.39,b1_REVISAR
138.51,318.96,11,0.98,43234.94,b1_OK
138.44,772.82,116,-0.44,-46909.19,b1_REVISAR
138.42,483.56,88,0.03,1783.73,b1_REVISAR
138.42,600.23,64,0.43,35622.29,b1_REVISAR
138.36,423.23,5,0.99,58245.39,b1_OK
138.25,390.11,13,0.97,52542.32,b1_OK
138.23,408.14,21,0.93,52448.94,b1_OK
138.22,817.27,86,0.07,7681.57,b1_REVISAR
138.20,248.87,33,0.83,28656.16,b1_OK
138.11,359.20,27,0.89,43987.64,b1_OK
138.08,606.49,80,0.16,13329.33,b1_REVISAR
138.04,371.76,12,0.98,50065.94,b1_OK
138.01,717.17,122,-0.54,-53113.91,b1_REVISAR
137.94,419.45,9,0.98,56980.37,b1_OK
137.92,348.41,16,0.96,46105.91,b1_OK
137.84,261.80,23,0.92,33083.49,b1_OK
137.78,315.39,24,0.91,39680.63,b1_OK
137.73,406.46,17,0.95,53333.20,b1_OK
137.73,770.36,107,-0.29,-31239.05,b1_REVISAR
137.72,987.52,48,0.67,90669.10,b1_REVISAR
137.64,870.44,79,0.19,22928.39,b1_REVISAR
137.62,832.91,91,-0.03,-2953.00,b1_REVISAR
137.54,319.78,8,0.99,43455.90,b1_OK
137.49,390.30,17,0.96,51290.01,b1_OK
137.48,624.64,126,-0.60,-51598.88,b1_REVISAR
137.39,251.00,73,0.28,9780.94,b1_REVISAR
137.38,405.31,31,0.86,47641.86,b1_OK
137.36,448.73,15,0.96,59424.97,b1_OK
137.32,431.27,21,0.93,55001.30,b1_OK
137.30,368.49,23,0.92,46402.44,b1_OK
137.28,298.05,4,1.00,40805.90,b1_OK
137.13,913.12,54,0.58,72151.23,b1_REVISAR
137.10,524.49,104,-0.25,-17752.01,b1_REVISAR
137.05,401.98,5,1.00,54835.14,b1_OK
137.03,273.86,11,0.98,36767.53,b1_OK
136.98,289.43,15,0.96,38196.14,b1_OK
136.98,449.04,111,-0.37,-22873.69,b1_REVISAR
136.90,378.92,48,0.67,34671.50,b1_REVISAR
136.84,510.54,60,0.49,34525.48,b1_REVISAR
136.79,673.75,73,0.29,26365.65,b1_REVISAR
136.62,747.45,109,-0.34,-34482.78,b1_REVISAR
136.57,387.89,21,0.93,49166.01,b1_OK
136.57,243.81,8,0.99,32894.84,b1_OK
136.56,377.51,26,0.89,46039.88,b1_OK
136.17,792.24,112,-0.39,-41620.60,b1_REVISAR
136.09,635.58,87,0.04,3362.78,b1_REVISAR
136.07,294.33,4,1.00,39940.63,b1_OK
136.00,293.30,45,0.71,28208.40,b1_REVISAR
135.99,403.39,30,0.86,47392.40,b1_OK
135.96,255.08,25,0.90,31347.97,b1_OK
135.87,289.22,17,0.95,37420.02,b1_OK
135.71,406.41,58,0.52,28579.80,b1_REVISAR
135.65,361.77,23,0.91,44872.48,b1_OK
135.47,334.59,31,0.85,38507.50,b1_OK
135.37,855.89,48,0.66,76952.30,b1_REVISAR
135.30,438.19,23,0.92,54295.76,b1_OK
135.17,376.68,9,0.99,50169.69,b1_OK
135.08,600.63,87,0.04,3558.64,b1_REVISAR
134.92,453.38,60,0.50,30374.20,b1_REVISAR
134.79,421.04,17,0.95,53976.74,b1_OK
134.62,361.99,21,0.93,45478.85,b1_OK
134.55,396.29,20,0.94,50060.61,b1_OK
134.55,288.24,19,0.94,36604.35,b1_OK
134.53,458.88,131,-0.66,-40851.87,b1_REVISAR
134.27,631.72,63,0.45,38136.83,b1_REVISAR
134.26,304.92,31,0.85,34946.41,b1_OK
134.23,866.76,93,-0.06,-6923.40,b1_REVISAR
134.21,836.96,100,-0.18,-20780.40,b1_REVISAR
134.17,334.02,25,0.90,40292.96,b1_OK
134.15,976.05,128,-0.61,-80512.11,b1_REVISAR
134.12,304.29,18,0.95,38603.31,b1_OK
134.08,397.49,17,0.95,50845.12,b1_OK
133.92,270.47,9,0.99,35720.08,b1_OK
133.77,334.97,15,0.96,43196.41,b1_OK
133.70,883.60,102,-0.21,-24722.22,b1_REVISAR
133.62,890.49,48,0.66,78687.98,b1_REVISAR
133.58,666.04,100,-0.18,-16340.42,b1_REVISAR
133.54,451.72,24,0.91,54925.48,b1_OK
133.49,306.19,103,-0.23,-9561.96,b1_REVISAR
133.35,808.59,111,-0.37,-40191.07,b1_REVISAR
133.33,387.57,23,0.91,47220.89,b1_OK
133.25,460.21,41,0.75,46048.98,b1_REVISAR
133.22,447.42,19,0.94,56108.80,b1_OK
133.09,586.39,74,0.28,21471.20,b1_REVISAR
132.85,679.24,106,-0.29,-25912.19,b1_REVISAR
132.82,272.89,5,1.00,36100.62,b1_OK
132.79,268.68,31,0.85,30437.92,b1_OK
132.78,360.43,127,-0.61,-29233.31,b1_REVISAR
132.73,304.96,13,0.97,39287.13,b1_OK
132.71,350.00,14,0.97,45029.67,b1_OK
132.71,273.94,31,0.85,31058.50,b1_OK
132.68,370.78,5,1.00,48967.06,b1_OK
132.63,437.44,123,-0.55,-31820.45,b1_REVISAR
132.52,505.06,37,0.79,52977.37,b1_REVISAR
132.51,338.49,23,0.91,41021.44,b1_OK
132.50,323.17,96,-0.11,-4918.09,b1_REVISAR
132.48,950.58,45,0.70,88736.93,b1_REVISAR
132.47,422.66,12,0.98,54732.55,b1_OK
132.45,418.65,2,1.00,55390.15,b1_OK
132.22,981.59,116,-0.45,-58306.76,b1_REVISAR
132.21,815.39,71,0.33,35103.15,b1_REVISAR
132.19,367.45,25,0.90,43750.05,b1_OK
132.12,336.16,10,0.98,43685.17,b1_OK
132.12,458.97,118,-0.48,-28929.61,b1_REVISAR
132.10,801.66,51,0.62,65276.63,b1_REVISAR
132.04,369.89,121,-0.52,-25181.11,b1_REVISAR
132.01,347.92,4,1.00,45791.05,b1_OK
132.00,352.73,19,0.95,44019.41,b1_OK
131.92,803.92,128,-0.62,-66061.73,b1_REVISAR
131.86,754.14,37,0.79,78539.51,b1_REVISAR
131.85,512.34,118,-0.48,-32371.08,b1_REVISAR
131.83,634.53,119,-0.50,-41452.63,b1_REVISAR
131.68,387.25,30,0.86,44040.96,b1_OK
131.64,273.38,13,0.97,34974.10,b1_OK
131.62,567.66,74,0.27,19874.76,b1_REVISAR
131.47,334.27,38,0.78,34406.00,b1_REVISAR
131.44,681.76,120,-0.51,-45874.07,b1_REVISAR
131.34,373.23,10,0.98,48268.36,b1_OK
131.31,917.08,67,0.38,45184.31,b1_REVISAR
131.11,323.64,33,0.84,35492.81,b1_OK
130.99,824.53,109,-0.33,-35969.77,b1_REVISAR
130.92,772.39,115,-0.44,-44079.12,b1_REVISAR
130.83,711.81,133,-0.69,-64464.06,b1_REVISAR
130.66,386.82,8,0.99,49924.97,b1_OK
130.65,265.46,9,0.99,34231.54,b1_OK
130.62,292.23,16,0.96,36508.13,b1_OK
130.50,288.10,35,0.81,30450.21,b1_REVISAR
130.48,352.28,10,0.98,45194.91,b1_OK
130.39,375.54,5,1.00,48770.31,b1_OK
130.37,444.10,22,0.93,53629.06,b1_OK
130.31,693.05,122,-0.54,-48735.87,b1_REVISAR
130.09,917.63,90,-0.01,-1103.23,b1_REVISAR
129.98,259.72,25,0.90,30424.75,b1_OK
129.88,295.10,69,0.36,13755.28,b1_REVISAR
129.85,427.78,23,0.91,50773.02,b1_OK
129.84,468.11,118,-0.48,-29370.45,b1_REVISAR
129.80,912.61,125,-0.58,-69077.25,b1_REVISAR
129.78,360.24,5,1.00,46568.36,b1_OK
129.73,699.67,106,-0.29,-25899.31,b1_REVISAR
129.61,761.68,134,-0.70,-69439.80,b1_REVISAR
129.52,274.28,23,0.92,32534.65,b1_OK
129.46,347.24,19,0.94,42421.12,b1_OK
129.40,853.33,67,0.38,41458.70,b1_REVISAR
129.38,369.89,20,0.93,44740.81,b1_OK
129.38,530.05,45,0.70,48280.81,b1_REVISAR
129.37,478.09,67,0.39,24183.13,b1_REVISAR
129.21,300.91,20,0.94,36408.52,b1_OK
129.11,266.93,15,0.96,33200.60,b1_OK
129.09,328.71,14,0.97,41051.41,b1_OK
129.02,289.89,99,-0.16,-6039.61,b1_REVISAR
128.98,250.25,19,0.94,30461.89,b1_OK
128.98,566.89,128,-0.62,-45078.60,b1_REVISAR
128.96,366.23,16,0.96,45398.94,b1_OK
128.93,447.22,6,0.99,57278.41,b1_OK
128.91,262.85,8,0.99,33495.39,b1_OK
128.89,997.12,120,-0.51,-65972.39,b1_REVISAR
128.88,420.16,10,0.98,53219.66,b1_OK
128.86,806.90,40,0.76,79302.26,b1_REVISAR
128.85,379.26,28,0.88,43067.96,b1_OK
128.85,969.73,103,-0.23,-28979.67,b1_REVISAR
128.84,322.88,25,0.90,37567.17,b1_OK
128.83,910.67,84,0.10,12087.19,b1_REVISAR
128.79,252.32,123,-0.54,-17683.01,b1_REVISAR
128.73,298.12,28,0.88,33593.15,b1_OK
128.71,247.75,10,0.98,31361.86,b1_OK
128.71,258.33,118,-0.48,-15873.42,b1_REVISAR
128.70,336.79,19,0.94,40918.89,b1_OK
128.63,390.70,15,0.97,48538.49,b1_OK
128.62,698.58,42,0.73,65828.20,b1_REVISAR
128.58,854.62,101,-0.21,-22576.19,b1_REVISAR
128.42,270.85,34,0.82,28590.06,b1_OK
128.33,287.51,4,1.00,36794.68,b1_OK
128.29,791.28,117,-0.46,-46537.80,b1_REVISAR
128.19,853.32,105,-0.26,-28489.62,b1_REVISAR
127.77,275.35,68,0.36,12699.70,b1_REVISAR
127.76,395.56,92,-0.04,-2183.68,b1_REVISAR
127.73,666.57,109,-0.33,-27907.21,b1_REVISAR
127.69,413.03,50,0.64,33605.63,b1_REVISAR
127.56,338.54,14,0.97,41854.27,b1_OK
127.53,309.53,10,0.98,38824.60,b1_OK
127.46,434.44,21,0.93,51603.15,b1_OK
127.34,423.03,4,1.00,53713.16,b1_OK
127.26,361.58,116,-0.45,-20492.37,b1_REVISAR
127.16,284.25,24,0.91,32937.86,b1_OK
127.12,412.28,21,0.93,48743.30,b1_OK
127.05,493.87,73,0.28,17546.28,b1_REVISAR
127.00,330.79,16,0.96,40292.73,b1_OK
126.98,309.63,27,0.89,35017.30,b1_OK
126.94,247.24,35,0.81,25503.28,b1_REVISAR
126.90,355.96,24,0.91,41084.91,b1_OK
126.89,319.19,2,1.00,40472.01,b1_OK
126.77,277.54,19,0.94,33103.86,b1_OK
126.66,904.52,48,0.66,75250.91,b1_REVISAR
126.62,396.92,84,0.10,5166.20,b1_REVISAR
126.61,485.56,68,0.37,22460.50,b1_REVISAR
126.60,378.40,3,1.00,47822.72,b1_OK
126.57,413.31,55,0.57,30003.11,b1_REVISAR
126.54,283.46,91,-0.02,-853.59,b1_REVISAR
126.51,889.66,131,-0.66,-73869.68,b1_REVISAR
126.49,338.46,17,0.96,40934.65,b1_OK
126.48,377.44,14,0.97,46119.58,b1_OK
126.45,345.17,2,1.00,43618.39,b1_OK
126.22,646.82,66,0.40,32578.31,b1_REVISAR
126.20,413.79,119,-0.49,-25785.30,b1_REVISAR
126.13,889.19,100,-0.18,-20330.58,b1_REVISAR
126.06,916.28,82,0.12,14328.99,b1_REVISAR
125.97,850.07,40,0.76,81822.73,b1_REVISAR
125.86,734.12,103,-0.24,-22103.49,b1_REVISAR
125.78,318.55,3,1.00,39977.32,b1_OK
125.68,813.73,49,0.64,65897.47,b1_REVISAR
125.67,380.85,21,0.93,44412.13,b1_OK
125.67,348.83,69,0.35,15347.92,b1_REVISAR
125.64,284.59,33,0.83,29805.26,b1_OK
125.54,813.20,108,-0.31,-32116.66,b1_REVISAR
125.53,346.14,20,0.93,40586.54,b1_OK
125.51,279.01,9,0.99,34545.96,b1_OK
125.50,306.44,26,0.90,34451.79,b1_OK
125.47,365.85,15,0.96,44293.07,b1_OK
125.39,919.43,52,0.61,70713.41,b1_REVISAR
125.36,731.54,94,-0.08,-7190.11,b1_REVISAR
125.29,305.68,25,0.90,34428.50,b1_OK
125.23,359.58,16,0.96,43264.34,b1_OK
125.15,319.78,113,-0.39,-15749.82,b1_REVISAR
125.14,708.58,37,0.80,70667.51,b1_REVISAR
125.05,377.30,13,0.97,45868.70,b1_OK
124.94,243.43,78,0.20,6111.15,b1_REVISAR
124.93,858.86,88,0.02,2253.98,b1_REVISAR
124.73,280.64,14,0.97,33879.01,b1_OK
124.61,820.84,50,0.63,64822.73,b1_REVISAR
124.58,445.58,8,0.99,54858.81,b1_OK
124.56,260.65,20,0.94,30478.40,b1_OK
124.45,281.68,16,0.96,33659.18,b1_OK
124.45,497.67,86,0.07,4104.09,b1_REVISAR
124.40,322.08,47,0.68,27047.20,b1_REVISAR
124.38,338.80,16,0.96,40355.83,b1_OK
124.37,585.32,125,-0.59,-42708.15,b1_REVISAR
124.35,423.11,9,0.99,51869.02,b1_OK
124.28,389.38,123,-0.55,-26527.31,b1_REVISAR
124.26,839.33,45,0.70,73306.00,b1_REVISAR
124.21,336.84,52,0.61,25504.12,b1_REVISAR
124.21,471.03,82,0.13,7428.13,b1_REVISAR
124.21,409.41,123,-0.55,-27904.29,b1_REVISAR
123.96,375.52,32,0.85,39467.13,b1_OK
123.82,831.00,87,0.04,4182.48,b1_REVISAR
123.80,320.30,32,0.84,33313.74,b1_OK
123.65,395.06,64,0.43,20804.11,b1_REVISAR
123.58,399.40,80,0.16,7961.60,b1_REVISAR
123.57,856.74,110,-0.35,-36582.68,b1_REVISAR
123.52,268.16,105,-0.27,-9038.40,b1_REVISAR
123.51,302.15,7,0.99,37022.24,b1_OK
123.43,335.00,9,0.99,40822.91,b1_OK
123.40,720.59,62,0.46,40620.90,b1_REVISAR
123.36,995.41,67,0.39,47576.57,b1_REVISAR
123.34,251.65,4,1.00,30950.67,b1_OK
123.25,369.16,33,0.83,37855.91,b1_OK
123.18,320.39,11,0.98,38628.14,b1_OK
123.18,267.82,8,0.99,32620.31,b1_OK
123.18,995.05,103,-0.24,-29032.66,b1_REVISAR
123.10,410.96,30,0.86,43657.88,b1_OK
123.08,250.07,8,0.99,30435.04,b1_OK
122.99,860.52,130,-0.64,-68231.67,b1_REVISAR
122.96,905.63,111,-0.37,-41262.41,b1_REVISAR
122.90,358.95,70,0.33,14550.47,b1_REVISAR
122.89,780.14,125,-0.58,-55772.87,b1_REVISAR
122.85,759.96,76,0.24,22060.19,b1_REVISAR
122.79,565.66,51,0.62,42859.15,b1_REVISAR
122.78,736.96,96,-0.12,-10838.30,b1_REVISAR
122.69,287.71,3,1.00,35220.53,b1_OK
122.68,633.74,67,0.39,30224.88,b1_REVISAR
122.50,373.90,89,0.01,322.85,b1_REVISAR
122.47,376.25,21,0.93,42745.51,b1_OK
122.45,515.93,85,0.07,4572.28,b1_REVISAR
122.41,286.52,20,0.94,32814.71,b1_OK
122.36,558.84,80,0.17,11597.78,b1_REVISAR
122.34,349.25,10,0.98,41987.89,b1_OK
122.19,318.19,16,0.96,37354.45,b1_OK
122.15,475.13,54,0.58,33691.50,b1_REVISAR
122.14,401.97,20,0.94,45950.37,b1_OK
122.10,533.06,56,0.55,35722.78,b1_REVISAR
121.97,409.74,12,0.97,48711.83,b1_OK
121.97,421.96,38,0.79,40538.04,b1_REVISAR
121.95,298.33,25,0.90,32850.01,b1_OK
121.93,254.71,97,-0.13,-4042.03,b1_REVISAR
121.92,602.18,117,-0.47,-34184.15,b1_REVISAR
121.87,437.77,128,-0.63,-33399.96,b1_REVISAR
121.87,752.40,76,0.23,21199.91,b1_REVISAR
121.85,415.69,19,0.95,47868.35,b1_OK
121.83,480.56,120,-0.51,-29925.38,b1_REVISAR
121.78,336.13,17,0.95,39015.38,b1_OK
121.76,298.81,53,0.60,21849.62,b1_REVISAR
121.75,869.93,114,-0.41,-43621.93,b1_REVISAR
121.49,793.00,71,0.33,31360.66,b1_REVISAR
121.48,292.54,17,0.95,33859.92,b1_OK
121.27,411.82,5,1.00,49712.88,b1_OK
121.15,328.47,24,0.91,36300.75,b1_OK
121.04,288.72,33,0.83,28981.71,b1_OK
121.01,651.93,45,0.70,55403.96,b1_REVISAR
120.89,805.27,61,0.48,47029.93,b1_REVISAR
120.88,381.22,46,0.69,31860.99,b1_REVISAR
120.76,272.05,22,0.93,30408.42,b1_OK
120.71,887.23,35,0.82,87538.52,b1_REVISAR
120.63,264.27,18,0.95,30146.71,b1_OK
120.60,322.74,13,0.97,37881.48,b1_OK
120.60,400.58,110,-0.36,-17230.18,b1_REVISAR
120.60,286.15,71,0.32,11087.82,b1_REVISAR
120.52,782.88,55,0.56,53050.76,b1_REVISAR
120.50,880.30,61,0.48,50634.82,b1_REVISAR
120.31,262.30,21,0.93,29324.29,b1_OK
120.31,384.32,4,1.00,46107.63,b1_OK
120.30,425.75,11,0.98,50237.31,b1_OK
120.29,769.20,121,-0.52,-47871.59,b1_REVISAR
120.25,402.54,25,0.91,43822.71,b1_OK
120.20,401.26,23,0.92,44148.49,b1_OK
120.18,355.22,27,0.89,37955.87,b1_OK
120.12,369.54,13,0.97,43103.92,b1_OK
120.05,640.08,103,-0.23,-17492.53,b1_REVISAR
120.03,635.32,126,-0.59,-45005.63,b1_REVISAR
119.59,532.18,123,-0.55,-35287.16,b1_REVISAR
119.46,709.21,100,-0.18,-15258.01,b1_REVISAR
119.34,346.60,14,0.97,40065.04,b1_OK
119.31,927.14,121,-0.52,-57421.78,b1_REVISAR
119.27,772.40,41,0.75,69323.69,b1_REVISAR
119.20,298.48,33,0.84,29778.70,b1_OK
119.20,703.21,38,0.78,65456.37,b1_REVISAR
119.14,422.18,5,1.00,50068.09,b1_OK
119.14,919.94,92,-0.05,-5110.03,b1_REVISAR
119.12,283.13,6,0.99,33481.76,b1_OK
118.87,341.19,18,0.95,38422.09,b1_OK
118.82,371.95,17,0.95,42112.51,b1_OK
118.80,451.75,26,0.90,48145.13,b1_OK
118.65,325.25,59,0.51,19564.66,b1_REVISAR
118.58,338.95,79,0.18,7331.35,b1_REVISAR
118.51,483.08,125,-0.58,-33201.26,b1_REVISAR
118.50,380.87,17,0.96,43149.31,b1_OK
118.49,357.42,13,0.97,41164.13,b1_OK
118.47,333.41,17,0.95,37646.02,b1_OK
118.43,919.32,39,0.78,84600.39,b1_REVISAR
118.41,295.44,5,1.00,34812.33,b1_OK
118.33,296.35,32,0.84,29469.45,b1_OK
118.33,460.62,53,0.60,32485.33,b1_REVISAR
118.18,384.05,9,0.99,44763.68,b1_OK
118.09,277.83,74,0.27,9008.27,b1_REVISAR
118.01,383.01,28,0.88,39756.84,b1_OK
118.00,944.93,72,0.31,34193.22,b1_REVISAR
117.99,284.47,94,-0.08,-2696.41,b1_REVISAR
117.71,452.19,95,-0.09,-5022.83,b1_REVISAR
117.70,351.79,13,0.97,40206.56,b1_OK
117.67,271.34,21,0.93,29745.54,b1_OK
117.66,902.97,93,-0.07,-7014.74,b1_REVISAR
117.65,401.02,15,0.96,45384.71,b1_OK
117.52,491.47,63,0.45,25754.70,b1_REVISAR
117.52,286.40,100,-0.18,-6195.00,b1_REVISAR
117.25,374.93,15,0.96,42340.71,b1_OK
117.25,269.15,14,0.97,30486.47,b1_OK
117.24,291.00,15,0.96,32809.36,b1_OK
117.23,366.00,25,0.90,38664.82,b1_OK
117.22,332.16,6,0.99,38722.91,b1_OK
117.14,404.55,16,0.96,45487.69,b1_OK
117.03,509.06,126,-0.59,-35324.73,b1_REVISAR
116.90,719.87,71,0.33,27366.73,b1_REVISAR
116.84,275.99,11,0.98,31643.80,b1_OK
116.82,817.90,64,0.44,41741.93,b1_REVISAR
116.79,306.96,25,0.90,32411.25,b1_OK
116.77,404.80,23,0.92,43499.40,b1_OK
116.75,270.71,28,0.88,27767.23,b1_OK
116.72,393.70,11,0.98,44973.19,b1_OK
116.71,421.10,14,0.97,47606.67,b1_OK
116.66,731.72,46,0.69,58699.21,b1_REVISAR
116.43,714.27,80,0.16,13676.31,b1_REVISAR
116.42,290.62,30,0.86,29101.82,b1_OK
116.38,394.95,30,0.86,39707.52,b1_OK
116.37,386.34,109,-0.34,-15060.37,b1_REVISAR
116.33,348.71,28,0.88,35595.21,b1_OK
116.26,321.07,51,0.62,23135.46,b1_REVISAR
116.21,418.63,23,0.91,44496.97,b1_OK
116.20,557.21,46,0.69,44844.80,b1_REVISAR
116.14,270.09,83,0.11,3468.34,b1_REVISAR
116.12,269.92,29,0.87,27372.07,b1_OK
116.05,911.36,118,-0.48,-50405.01,b1_REVISAR
115.99,427.15,66,0.39,19449.77,b1_REVISAR
115.91,885.09,60,0.49,50622.44,b1_REVISAR
115.85,356.47,95,-0.10,-3934.56,b1_REVISAR
115.83,340.32,14,0.97,38221.15,b1_OK
115.83,452.31,32,0.84,44252.28,b1_OK
115.78,368.74,6,0.99,42416.63,b1_OK
230,114,45,0.52532198881773,22310.6904132846,b2_OK
230,114,45,0.52532198881773,22310.6904132846,b2_OK
230,114,45,0.52532198881773,22310.6904132846,b2_OK
230,114,45,0.52532198881773,22310.6904132846,b2_OK
230,114,45,0.52532198881773,22310.6904132846,b2_OK
230,114,45,0.52532198881773,22310.6904132846,b2_OK
230,114,45,0.52532198881773,22310.6904132846,b2_OK
230,114,45,0.52532198881773,22310.6904132846,b2_OK
230,114,45,0.52532198881773,22310.6904132846,b2_OK
230,114,45,0.52532198881773,22310.6904132846,b2_OK
230,114,45,0.52532198881773,22310.6904132846,b2_OK
133,25,45,0.52532198881773,2829.25421907594,b1_OK
133,25,45,0.52532198881773,2829.25421907594,b1_OK
133,25,45,0.52532198881773,2829.25421907594,b1_OK
133,25,45,0.52532198881773,2829.25421907594,b1_OK
133,25,45,0.52532198881773,2829.25421907594,b1_OK
133,25,45,0.52532198881773,2829.25421907594,b1_OK
133,25,45,0.52532198881773,2829.25421907594,b1_OK
133,25,30,0.154251449887584,3285.20515010877,b1_OK
133,25,30,0.154251449887584,3285.20515010877,b1_OK
133,25,30,0.154251449887584,3285.20515010877,b1_OK
133,25,30,0.154251449887584,3285.20515010877,b1_OK
133,25,30,0.154251449887584,3285.20515010877,b1_OK
133,25,30,0.154251449887584,3285.20515010877,b1_OK
133,25,30,0.154251449887584,3285.20515010877,b1_OK
133,25,30,0.154251449887584,3285.20515010877,b1_OK
133,25,30,0.154251449887584,3285.20515010877,b1_OK
133,25,30,0.154251449887584,3285.20515010877,b1_OK
133,25,30,0.154251449887584,3285.20515010877,b1_OK
133,25,30,0.154251449887584,3285.20515010877,b1_OK
133,25,30,0.154251449887584,3285.20515010877,b1_OK
133,25,30,0.154251449887584,3285.20515010877,b1_OK
133,25,30,0.154251449887584,3285.20515010877,b1_OK
133,25,30,0.154251449887584,3285.20515010877,b1_OK
133,25,30,0.154251449887584,3285.20515010877,b1_OK
